The average accuracy of training set is£º0.937833449315704
The average accuracy of testing set is£º0.9299628942486086
[[ 1.11546854e-01 -8.00286308e-01  1.15619766e-01 -3.06638466e-01
   8.40279304e-02  4.05159726e-01 -6.15676759e-02 -9.53878413e-02
  -4.20873868e-01  7.71916700e-02 -1.27861451e+00 -9.05183023e-02
  -5.90558774e-02 -2.49292363e-01  8.88569071e-02 -9.41671236e-02
  -5.48107963e-01  7.68332659e-02 -1.30843306e-01 -2.23214687e-02
  -1.92233482e-01 -3.75079812e-01 -4.23242798e-02 -8.04055319e-02
   6.94916962e-02 -2.40818925e-01 -1.26664012e-03  5.64276531e-02
   1.94655140e-01  1.67406333e-02  1.14508743e-01  1.87595320e-01
  -2.37256859e-01  7.35621335e-03 -1.45541770e-01  1.03049132e-01
  -1.32654128e+00  6.69706713e-02 -2.28925584e-01  2.60246652e-01
  -4.75846083e-01 -2.19286891e-01 -3.59164862e-02  1.17228652e-01
  -9.11570757e-02 -2.66577194e-01 -2.40742255e-01  2.98253861e-01
  -4.21889637e-01  3.21384831e-02 -1.72072042e-01]
 [-8.12468812e-01 -7.57700217e-03 -8.12132256e-01 -2.08481297e-01
   2.17856093e-01  4.41152084e-01  7.17068623e-01 -1.97335266e-01
  -1.85612806e-01  2.20735496e-01 -8.38919173e-01 -5.78006713e-01
   4.78284246e-02 -3.87737657e-01  8.17431031e-02 -4.42001997e-01
   3.17628429e-01  1.41746401e-01  5.28755179e-01  2.02953231e-01
  -2.12266616e-01 -1.73146909e-01  1.32128877e-01 -5.25463125e-01
  -1.66051242e-01  5.83716443e-01  6.59896603e-01  1.58152539e-01
  -2.04129958e-01 -7.19021950e-01 -4.78349269e-01 -6.95377594e-01
  -3.10860198e-02 -5.84280296e-01 -4.16314824e-01 -7.26919062e-01
   2.93663344e-01 -1.09259211e+00 -7.38317984e-01  4.73284667e-01
  -1.39274188e-01 -5.46995307e-01 -3.64983587e-01 -8.32382382e-04
  -1.15840360e-01  8.44935644e-02  3.14150893e-01 -3.42795542e-01
   7.72163558e-01 -4.16904123e-01 -6.31385965e-01]
 [ 5.01159807e-02  1.29082901e-01  2.67395896e-02  1.16384921e-01
  -7.40719782e-02 -3.90479594e-01 -1.85831056e-01  5.16594515e-01
  -3.45651658e-02  1.17324173e-02  4.74064542e-01  7.68297612e-01
   3.51215129e-02  8.60766173e-02 -5.08061190e-02  1.46728921e-01
  -2.57197375e-01  9.96985138e-02 -2.04519456e-01 -9.27535767e-02
  -3.91864267e+00  3.32367094e-01 -1.99788194e-02  2.56106219e+00
   3.25159007e-03 -8.89802299e-02 -9.95969948e-02  5.51804617e-01
  -2.11157699e-01  1.21759296e-01  1.66045706e-02  6.84989012e-02
   3.46103341e+00  1.28701739e-01  3.18426262e-01  1.00344074e-01
   1.62974367e-02  1.83873500e-01  5.13031555e-01  8.30467691e-02
   3.32999631e-01  4.61796157e-01  3.77852044e-02  7.41107283e-02
   6.51860348e-01  1.62187017e-01 -3.03009037e-02  1.47104049e-02
  -4.70633221e-02 -1.06227819e-01 -1.46558463e-02]
 [-2.12855848e-01  1.08065743e-02 -1.95795736e+00  3.47500411e-02
   3.16136590e-02  2.42559104e-01  3.01934920e-02 -9.20916288e-02
   6.40468321e-01  7.65071781e-02 -9.63998832e-01 -9.50633714e-01
  -1.23154692e-01  1.92090908e-02  2.60435729e-02  3.01925085e-01
  -1.10838484e+00  2.49110430e-02 -2.25361598e-02 -7.04404961e-02
  -5.77257073e-01  3.04059267e-01 -9.10222049e-01 -1.83361003e-01
   5.99063801e-03  7.23472538e-02 -3.34843868e-01 -1.23097071e+00
   2.86707650e-01 -3.29405083e-02 -1.23420670e-01 -1.48285401e-01
   3.31900543e-01  9.90272172e-02 -7.77883134e-02  5.05421834e-02
   2.39616807e-01 -2.36967347e-01 -4.21428535e-01 -2.53074320e-01
  -4.94154867e-01 -5.83429757e-01 -6.78715673e-04  1.51060291e-01
   2.40821133e-01  2.28489429e-01 -1.30824897e-01 -3.86228230e-01
  -7.12262754e-01  1.88910482e-01 -1.20892876e-01]
 [ 4.98407838e-01  9.45222879e-02  7.94926663e-02 -1.41034376e-01
  -6.38890045e-02  1.08358409e-01 -3.66702738e-01 -5.17782919e-01
  -2.63450472e-01 -9.13462792e-02  3.46866795e-01 -5.98365527e-01
  -7.92508529e-02 -4.96882784e-01 -3.07775004e-02 -2.28243386e-01
   3.13019583e+00 -1.41483808e-01  2.85986949e-01  1.61467161e-01
   3.46684407e+00 -3.11713440e-01 -1.04731015e-01 -3.69775583e-01
  -1.07520495e-01 -2.12331047e+00 -3.15857143e-01 -3.19045134e-01
   2.55216888e-01 -1.45915022e-01  2.59862920e-01  8.54115153e-02
  -1.95853861e+00  1.32292381e-01 -3.88975821e-01  2.00266475e-01
  -1.54949613e+00  1.33669165e-01  8.32259264e-01 -5.58186498e-01
  -9.04879408e-02 -1.79763293e-01  3.28988632e-02 -1.66503266e-01
  -1.61907016e-01  1.00044101e-01 -5.90126666e-01  7.20414499e-03
  -1.14031529e-01  7.67365008e-02  1.36290605e-01]]
[ 0.0698881   0.08495796 -2.09910997 -1.22720664 -4.53974398]